10/8/19
=======

time ./glue.py dist=3 seed=0
..11..111. ..1111.11.
1.1.1111.. ..11..1.11
1..11.1111 11.1111...
1111..1..1 .111.1...1

CSSCode(n=10, Lx:2, Lz:2, Hx:4, Tz:4, Hz:4, Tx:4, Gx:None, Gz:None)
..11..111........... ..1111.11...........
1.1.1111............ ..11..1.11..........
1..11.1111.......... 11.1111.............
1111..1..1.......... .111.1...1..........
............11..111. ............1111.11.
..........1.1.1111.. ............11..1.11
..........1..11.1111 ..........11.1111...
..........1111..1..1 ...........111.1...1

CSSCode(n=19, Lx:4, Lz:4, Hx:8, Tz:8, Hz:7, Tx:7, Gx:None, Gz:None)
..11..111.......... ..1111.11..........
1.1.1111........... ..11..1.11.........
1..11.1111......... 11.1111...1.1111...
1111..1..1......... .111.1...1.........
...........11..111. ...........1111.11.
1..........1.1111.. ...........11..1.11
1...........11.1111 ..........111.1...1
1.........111..1..1                    
OK


3/8/19
======

simon@hero:~/home/github/qupy/qupy/ldpc$ ./glue.py seed=2 i0=4 i1=5
[[0 0 1 0 0 0 0 1 0 0]
 [1 1 0 1 0 1 1 0 1 0]
 [1 0 0 0 0 1 0 0 0 0]
 [0 0 1 0 1 0 1 1 0 1]
 [1 1 1 0 1 0 0 1 1 1]
 [1 0 0 1 0 0 0 0 1 1]
 [1 1 1 0 0 1 0 0 1 0]]
wenum: [1, 0, 0, 0, 1, 3, 1, 1, 1, 0, 0]
v: [0 1 0 0 1 0 0 0 1 1]
[[0 0 1 0 0 0 1 0 0]
 [0 1 0 1 0 1 0 1 0]
 [1 0 1 0 1 1 1 0 1]
 [1 1 0 0 0 1 0 1 0]
 [0 0 0 0 1 0 1 0 1]
 [1 0 0 1 0 0 0 1 1]]
[1, 0, 0, 1, 1, 2, 2, 1, 0, 0]
simon@hero:~/home/github/qupy/qupy/ldpc$ ./glue.py seed=2 i0=3 i1=7
[[0 0 1 0 0 0 0 1 0 0]
 [1 1 0 1 0 1 1 0 1 0]
 [1 0 0 0 0 1 0 0 0 0]
 [0 0 1 0 1 0 1 1 0 1]
 [1 1 1 0 1 0 0 1 1 1]
 [1 0 0 1 0 0 0 0 1 1]
 [1 1 1 0 0 1 0 0 1 0]]
wenum: [1, 0, 0, 0, 1, 3, 1, 1, 1, 0, 0]
v: [0 1 0 0 1 0 0 0 1 1]
[[1 1 1 1 0 1 1 1 0]
 [1 1 1 1 1 1 0 1 1]
 [1 0 0 0 0 1 0 0 0]
 [1 1 0 0 0 0 1 1 0]
 [0 1 1 1 1 0 0 0 0]
 [1 1 1 0 0 1 0 1 0]]
[1, 0, 0, 0, 2, 3, 1, 1, 0, 0]
simon@hero:~/home/github/qupy/qupy/ldpc$ ./glue.py seed=2 i0=3 i1=4
[[0 0 1 0 0 0 0 1 0 0]
 [1 1 0 1 0 1 1 0 1 0]
 [1 0 0 0 0 1 0 0 0 0]
 [0 0 1 0 1 0 1 1 0 1]
 [1 1 1 0 1 0 0 1 1 1]
 [1 0 0 1 0 0 0 0 1 1]
 [1 1 1 0 0 1 0 0 1 0]]
wenum: [1, 0, 0, 0, 1, 3, 1, 1, 1, 0, 0]
v: [0 1 0 0 1 0 0 0 1 1]
[[0 0 1 0 0 0 1 0 0]
 [1 1 1 1 1 0 1 1 1]
 [1 0 0 0 1 0 0 0 0]
 [1 1 0 0 0 1 0 1 0]
 [0 1 1 1 0 0 1 0 0]
 [1 1 1 0 1 0 0 1 0]]
[1, 0, 0, 1, 1, 2, 2, 1, 0, 0]
simon@hero:~/home/github/qupy/qupy/ldpc$ ./glue.py seed=2 i0=3 i1=2
[[0 0 1 0 0 0 0 1 0 0]
 [1 1 0 1 0 1 1 0 1 0]
 [1 0 0 0 0 1 0 0 0 0]
 [0 0 1 0 1 0 1 1 0 1]
 [1 1 1 0 1 0 0 1 1 1]
 [1 0 0 1 0 0 0 0 1 1]
 [1 1 1 0 0 1 0 0 1 0]]
wenum: [1, 0, 0, 0, 1, 3, 1, 1, 1, 0, 0]
v: [0 1 0 0 1 0 0 0 1 1]
[[1 1 1 0 1 1 1 1 0]
 [1 1 1 1 1 0 1 1 1]
 [1 0 0 0 1 0 0 0 0]
 [1 1 0 0 0 1 0 1 0]
 [0 1 1 1 0 0 1 0 0]
 [0 1 1 0 1 0 0 0 1]]
[1, 0, 0, 0, 2, 3, 1, 1, 0, 0]
simon@hero:~/home/github/qupy/qupy/ldpc$ ./glue.py seed=2 i0=3 i1=9
[[0 0 1 0 0 0 0 1 0 0]
 [1 1 0 1 0 1 1 0 1 0]
 [1 0 0 0 0 1 0 0 0 0]
 [0 0 1 0 1 0 1 1 0 1]
 [1 1 1 0 1 0 0 1 1 1]
 [1 0 0 1 0 0 0 0 1 1]
 [1 1 1 0 0 1 0 0 1 0]]
wenum: [1, 0, 0, 0, 1, 3, 1, 1, 1, 0, 0]
v: [0 1 0 0 1 0 0 0 1 1]
[[0 0 1 0 0 0 0 1 0]
 [1 1 1 1 1 1 0 1 1]
 [1 0 0 0 0 1 0 0 0]
 [1 1 0 0 0 0 1 0 1]
 [1 0 0 1 0 0 0 0 1]
 [1 1 1 0 0 1 0 0 1]]
[1, 0, 0, 0, 1, 4, 2, 0, 0, 0]


./glue.py seed=2 m=12 n=16 i0=14 i1=15
[[0 0 1 0 0 0 0 1 0 0 1 1 0 1 0 1]
 [1 0 1 0 1 0 0 0 0 1 0 0 0 0 0 0]
 [1 0 1 0 1 1 0 1 1 1 1 0 1 0 0 1]
 [1 1 1 0 0 1 0 0 0 0 1 1 1 1 1 0]
 [0 1 0 0 1 0 1 0 0 0 1 1 0 0 1 0]
 [1 0 1 0 0 0 0 1 1 0 0 0 1 1 0 0]
 [1 1 0 1 1 0 1 1 1 1 0 1 1 0 0 1]
 [0 1 1 1 1 0 1 0 1 1 0 0 0 0 0 1]
 [0 0 0 0 0 0 0 1 1 1 0 0 1 0 1 0]
 [1 1 1 0 0 1 0 0 0 1 0 0 0 0 1 0]
 [1 0 1 0 1 1 0 0 0 0 1 1 0 0 0 1]
 [1 1 1 1 0 0 1 1 0 1 0 1 0 0 1 0]]
wenum: [1, 0, 0, 0, 0, 1, 2, 1, 3, 3, 2, 3, 0, 0, 0, 0, 0]
[[1 0 0 0 1 1 0 0 1 1 0 1 1 1 0]
 [1 0 1 0 1 0 0 0 0 1 0 0 0 0 0]
 [0 1 0 0 1 0 0 1 1 1 0 1 0 1 1]
 [1 0 1 0 1 1 1 0 0 0 0 0 1 1 0]
 [1 0 0 1 0 0 0 1 1 1 1 0 1 0 1]
 [1 0 1 0 0 0 0 1 1 0 0 0 1 1 0]
 [1 0 1 0 0 0 0 1 0 0 0 1 1 0 0]
 [0 1 1 1 1 0 1 1 0 0 0 0 1 0 1]
 [1 1 1 0 0 1 0 1 1 0 0 0 1 0 0]
 [0 1 0 0 1 0 0 0 0 1 1 1 0 0 1]
 [0 1 0 1 1 1 1 1 0 1 1 0 0 0 1]]
[1, 0, 0, 0, 0, 1, 3, 2, 3, 3, 1, 2, 0, 0, 0, 0]
OK


Glue two weight 6 codewords together to get a weight 11 codeword:

 ./glue.py weight=3 seed=4
H1
 0 [[. 1 . 1 . 1 . . . .]
 1  [. . 1 . . . 1 . 1 .]
 2  [1 1 1 . . . . . . .]
 3  [. . . . 1 . 1 . . 1]
 4  [1 . . . 1 . . 1 . .]
 5  [. 1 1 . 1 . . . . .]
 6  [1 . . 1 1 . . . . .]
 7  [. . . 1 1 1 . . . .]
 8  [. . 1 . . 1 1 . . .]]

 0 [[1 1 . . 1 1 1 . 1 .]]
wenum: [1, 0, 0, 0, 0, 0, 1, 0, 0, 0, 0]
H2
 0 [[. 1 . . . 1 . 1 . .]
 1  [. . . 1 . . 1 . . 1]
 2  [. . 1 . 1 . . . . 1]
 3  [. 1 . . 1 . 1 . . .]
 4  [1 . . . . 1 1 . . .]
 5  [. . . 1 . . . 1 1 .]
 6  [. . . . 1 . 1 . 1 .]
 7  [. . 1 . 1 . . 1 . .]
 8  [1 . . . 1 1 . . . .]]

 0 [[1 . 1 1 . 1 . 1 . 1]]
wenum: [1, 0, 0, 0, 0, 0, 1, 0, 0, 0, 0]
H:
 0 [[. 1 . 1 . 1 . . . . . . . . . . . . .]
 1  [. . 1 . . . 1 . 1 . . . . . . . . . .]
 2  [1 1 1 . . . . . . . . . . . . . . . .]
 3  [. . . . 1 . 1 . . 1 . . . . . . . . .]
 4  [1 . . . 1 . . 1 . . . . . . . . . . .]
 5  [. 1 1 . 1 . . . . . . . . . . . . . .]
 6  [1 . . 1 1 . . . . . . . . . . . . . .]
 7  [. . . 1 1 1 . . . . . . . . . . . . .]
 8  [. . 1 . . 1 1 . . . . . . . . . . . .]
 9  [. . . . . . . . . . 1 . . . 1 . 1 . .]
10  [. . . . . . . . . . . . 1 . . 1 . . 1]
11  [. . . . . . . . . . . 1 . 1 . . . . 1]
12  [. . . . . . . . . . 1 . . 1 . 1 . . .]
13  [1 . . . . . . . . . . . . . 1 1 . . .]
14  [. . . . . . . . . . . . 1 . . . 1 1 .]
15  [. . . . . . . . . . . . . 1 . 1 . 1 .]
16  [. . . . . . . . . . . 1 . 1 . . 1 . .]
17  [1 . . . . . . . . . . . . 1 1 . . . .]]
wenum: [1, 0, 0, 0, 0, 0, 0, 0, 0, 0, 0, 1, 0, 0, 0, 0, 0, 0, 0, 0]
OK

